L = [16 47 90 135 174 210 232 289 350]*0.36e-9; %length in nanometers
kb = 1.38064852e-23;
T = 270;
l_p = ;
